-3116 -11187 -3543 -11916 5992 -3700 180 -5115 -10269 4412 -1384 -10667 7736 -11432 -2284 8292 -32405 -10896 1594 -11726 31431 -5520 10884 -8290 -15596 20429 -1009 -36234 3194 -48993 3279 -7222
828 4597 7892 7895 -7560 -10821 -8278 7422 576 8824 -1959 5828 7816 -10813 -9778 6476 1975 40201 -20639 3428 -16211 -7787 7947 -2290 6970 -20304 41670 -16650 -13660 -26516 -1412 34510
-7243 -654 3879 -10494 1394 11466 -10900 2944 4463 6270 1393 -5766 -5897 5421 -7970 -10291 -9608 5457 28920 -15133 -16132 -4005 -26576 -20867 -12377 11053 -13219 45810 -3645 -19891 23505 4468
-11539 1402 -3810 9858 -1910 -5046 8242 -381 -11315 -1163 -6124 3590 3329 -4031 2120 8979 -3184 -22337 -35644 -487 -14850 -13409 -118 -2283 -4615 -8553 9139 -44334 -19365 3369 -17103 -9058
416 -2550 3209 -10487 -9329 -9286 -10803 11876 -10610 118 -7038 -6443 -4687 -4552 2497 5841 -26954 15401 -5151 -6680 -6060 -14981 2513 45240 -24874 3102 2469 7150 -14802 -42972 -23981 9028
11447 -4773 4168 -8931 10456 3008 6381 10290 -11044 -3263 -5166 -4782 8894 -9377 10589 -6844 32046 -894 10340 14438 32858 -28634 12368 19054 -20993 4233 -4449 -5924 27539 -39683 -10697 -38378
4971 10774 -10649 -2880 5458 -8470 8351 -2468 11197 -1215 10782 -10870 -2255 5077 2171 6259 5087 5461 21200 -39558 11175 10787 4254 21362 21146 26798 -11663 -26527 22644 38106 3641 15431
2984 -144 -6846 8570 -10787 -5809 6970 11598 -3600 8886 9043 -4344 -1052 5383 1199 6455 6536 22602 4231 -5379 -21894 20628 -20085 17233 21970 19516 11227 -28342 -10790 3020 -41015 -4386
4903 11475 8414 -8328 4073 7785 -408 8738 302 -734 -2907 8659 3285 -5261 -5253 1824 36652 25886 -15508 -8159 -2688 -19534 17448 5127 -85 -3979 -7103 16929 -9061 -19631 30597 -5251
-8040 5886 11279 -7906 -8399 -7752 628 3063 10625 6450 393 -6653 -6966 -3756 11060 -2756 -11241 11552 -16243 -1913 2177 -32168 -40449 23965 8397 15024 -10771 16382 21827 -1144 -4817 40102
-4028 10918 -7032 7613 -5860 881 -11940 296 11555 8708 -6774 1212 2295 -5217 -2690 -11832 -9152 18740 23195 23062 -48568 -23244 -5027 -11230 -2743 -7296 19424 1274 11515 16000 27204 27062
9092 -5304 -11072 5854 9687 -1707 4646 -11202 -9715 10979 -257 1649 6800 1670 -3922 -679 -6 -3306 36884 18572 24712 9446 13526 -27092 6525 -5378 2927 -46686 -20713 3784 -399 -17780
-8416 -10937 -2593 1059 10285 8644 8366 -4297 -10111 5072 9734 1027 4977 -7964 7945 11607 2111 -32809 -19430 -1121 13173 -1015 11622 -39859 22287 22628 -23758 -32688 2803 -30886 -21868 -19406
-2518 4223 4918 -2465 -2985 10446 -10234 -11131 -6339 2875 -5054 -4229 -7063 -10888 -7462 2121 -9746 -2412 -6092 13828 -11892 8162 5718 -17710 -36039 -1934 -29151 -74 -15797 -26922 27379 31826
7869 -10366 11595 -7042 131 -8461 4725 -8519 2339 -11624 -4286 8753 11938 -9716 11422 -3776 -10068 -2852 -34637 33347 58708 -13088 17997 13545 5050 -26375 10407 7781 37776 -6563 3875 -13239
-7767 -8726 -1640 1213 -2588 -6492 5215 11389 -3299 10384 -5922 -5528 -9477 4574 4812 -10543 -9396 -2643 17099 7593 -4164 -29183 -44959 3517 -14999 22370 16154 7535 -12773 3696 -39486 -8889
-2098 -8680 11321 -9270 -7273 11945 -4972 114 -10619 -3347 4306 7080 -11273 -137 1747 2733 -8913 589 -29017 11368 2869 14879 -2423 -6136 -9510 236 -40366 43509 -22168 -31514 -15524 -9615
-9534 7034 5278 -5213 8893 9574 10265 8038 -5891 -11204 9438 1365 5659 -645 -36 8663 34335 -14006 -38061 -48102 -4531 -3900 5693 -7700 7349 2296 -23417 -3066 10991 -15422 4149 -30008
-5747 -2913 11176 -6514 -11013 9611 -8384 7010 8895 -11980 2828 -183 10316 -11505 9098 -6785 -6774 4035 -36069 15161 -21162 -6043 -3035 7911 684 -7567 1083 41561 61590 -34395 13487 -5283
11648 -5617 -4066 5904 39 2423 -4539 -6495 11847 -8631 2366 11130 -5167 -1620 -7437 -5530 -703 13782 4441 23080 6867 29042 36143 -19468 -3042 -3279 14354 31142 6260 36361 9148 3832
-5122 10297 -130 -4054 2432 -10821 -11871 -9131 -1481 1649 -7372 -9368 4059 -3289 -549 4489 -28400 -9342 12550 -18381 -982 -19412 6072 16919 -11862 -22514 -2162 -25612 1176 -12048 23160 38014
10441 -8115 -4140 -4556 7761 -10957 8158 5888 4636 -9406 -85 7940 -4388 8675 -8494 5546 4480 9391 -33 -26216 39960 12787 28401 14758 4424 12219 29231 16579 -21086 30425 -11577 -23127
-2229 -7620 8215 4371 -4520 9653 -6162 4664 -2910 -10319 -3232 9251 1286 -897 -785 891 6372 -12914 -30160 15993 -15764 12602 12556 -6517 -6715 -18726 9395 35175 -4567 -18420 -4609 -14813
8008 -8332 11300 3927 -409 -1156 -10912 -4524 10096 -3667 -3675 -553 -91 -5888 -6467 -6841 -2098 6175 5050 22691 18072 16243 9372 -11441 -17086 -15803 29038 34373 16812 -8247 11256 30425
5906 -11754 -270 10799 3899 -8397 10038 7015 -8947 -8056 3658 9231 -6475 8982 5779 9231 17236 -17211 -17499 -2871 21910 16983 17573 11127 13403 -4514 13106 -1035 -25373 20186 -62824 -24525
-7107 4985 5284 10236 -380 -5187 -8081 -6919 6927 2449 -3140 536 304 -8993 689 -3733 -7169 -4385 -8037 13148 -13399 -16727 -1343 -18944 -4961 -20993 13201 -4407 14521 7509 6163 44383
8634 -4481 -10225 -3191 6747 5525 8244 -3404 7393 -314 -5698 11469 -1289 -10817 5021 -10060 7849 6591 4822 42481 18951 -24255 29902 -17269 -4295 26279 -858 4933 15149 28023 14420 -24507
10696 -164 9686 8301 1594 -9511 -2037 -11036 -3206 -11179 -4898 3095 7451 10005 -8827 -10270 7529 438 10642 6708 32349 25624 -1360 3638 -17829 -67092 24910 5213 -1131 22332 11030 -3081
8317 -11111 2767 -3447 8272 7526 7181 -4434 -4029 6937 1453 282 -5110 4975 -5997 -9372 15071 1832 27643 14684 38003 13158 -14361 -29494 -10861 12536 -8891 14586 -16505 -1546 -299 -21252
-9217 1043 10060 5114 9442 6845 -2607 9206 4230 4695 -11467 -4668 2587 -3262 -6219 33 29886 -22814 -1160 -9900 -14530 -25000 -13296 -16922 -14071 4922 30935 12355 -7667 -26970 18071 16265
-3726 -5870 5611 9225 7945 -7262 6010 4462 -5577 3191 6569 3183 -3559 -5399 -10176 -10295 16395 18294 -2498 -10429 15285 -8146 -12306 -46403 -22063 -9428 21290 -3313 -3423 6190 -32348 -1521
4698 -11323 -4202 4743 -5211 8238 -7573 -11566 6997 9363 6154 5444 -6661 -8046 817 1812 -22196 4760 5323 44813 -2380 25732 17201 -35669 15880 22328 -10373 9586 -1266 -1754 -2897 24472
4227 3286 1395 6518 7492 -1238 -11475 -11331 4587 8263 -4318 -9455 10143 -1994 11590 11808 -1126 -36378 25715 14282 4404 -1968 17883 11004 30624 -11959 597 -30794 13380 -24893 14319 45422
4883 5605 -4877 4379 1145 6628 1976 5081 -7230 10291 -142 -11850 -10788 -2038 -8082 -9105 24820 18227 38137 2801 -18566 5129 -20279 -11205 -38944 22289 -12567 -12734 -13540 -1467 -7021 6144
-3995 -2151 -8277 -8179 -2610 3666 3009 11442 8408 -1256 -859 -2149 7936 -4336 8373 4638 -7095 -3478 -9418 -4535 -16651 -17756 6744 20229 20755 36721 10578 196 26961 -13205 7082 -21824
8448 -6773 11641 -6016 -429 -6279 -6547 -4956 -692 -13 3291 5661 -9216 -10643 -1677 -867 -10911 26377 -12525 15641 37137 1313 18375 -7823 -14156 -5665 -9442 24910 -2432 -13663 -13602 28514
2116 1867 -4791 -195 -6536 6538 10662 3286 8793 3159 9779 3659 4667 -5652 1780 10344 12947 17312 -26787 2997 -10045 15990 6205 -1691 36529 36300 -3413 -16520 13509 2858 7215 -6134
8547 -4369 -6255 -8563 7893 8328 -6653 -4672 -10078 -10820 8409 3550 -7581 7676 6391 -4608 -5744 -10865 27262 -2448 12808 16209 31434 -280 -7061 -10013 -49653 28477 1343 4223 -15265 -32675
1720 -2760 -911 -11122 11996 -8972 -10138 -11732 -10383 1139 77 4135 2106 10620 -750 3732 -31919 -11907 28657 -21484 37253 -6991 20873 -722 10676 -33529 -18726 -1097 -28576 -9903 3518 -5427
-10243 -7107 -7896 3699 -4729 7162 4235 -272 2495 4125 7412 4842 -8484 -9853 -8710 5107 -15151 7406 -26988 957 -22115 13810 4366 -44229 -3066 40462 -1319 -3942 -11508 5758 -8063 1638
18 4608 5264 -207 4896 -5293 -5398 -7084 -11240 -4182 5398 8633 2983 -174 -4214 1743 -3196 8910 -9684 -14591 12756 558 19780 -14389 -1053 -44455 -16047 -7719 -13093 -5315 -2835 597
-4796 -11853 -5948 -4777 -3689 797 -3343 4490 2483 -3210 734 10096 -2051 1525 -1611 9306 -29119 -3944 -20281 -3850 -6433 6420 21893 -3054 17272 18729 12078 21333 -18162 -4451 -9460 -17475
-2544 10016 10941 -2028 -7996 8455 -10464 9102 5420 -970 -8492 -6173 -11926 -3784 7667 -8490 15482 1894 -1108 16265 -35608 -23308 -20926 26957 -26748 3058 -17078 45165 12086 -11176 5716 32337
-2749 -9125 4688 1117 -2469 3891 7137 9122 9275 -10017 -3981 5804 8450 -2718 -631 -801 11612 -7664 -34781 6122 1602 404 695 18 5381 8306 37810 23071 20845 -1758 6864 -26319
-8776 -5760 749 6174 827 3906 -10764 11378 7968 -3554 3749 2204 9439 -5349 4893 -981 -2266 -10381 -8060 -1783 -33662 -11113 12192 -15135 18369 -3453 28171 21539 33729 -22515 -10641 -1455
-6957 4757 -2872 7493 4344 1278 -7240 -1980 467 -3276 -6697 -10105 6340 -1278 -698 -7045 -1177 -25115 20095 -4641 -24273 -9485 -5097 -5963 -22292 -18649 13680 -11415 21116 -1833 14724 8405
-3956 4310 1566 10884 -10265 1646 -3898 -6656 7464 10851 8022 -830 5163 -6323 10148 671 -6369 4746 -7202 30035 -26737 3620 -16576 -13165 35166 -4245 -7271 -19727 26428 -2081 -3815 35257
10812 -10968 3740 -9853 2240 -3741 7673 -8549 -733 -2098 -6652 -4225 -5203 -4291 -6320 1520 -8646 1540 -2045 10580 57576 14940 5323 7228 -28002 20048 3343 956 -9814 -3242 10729 118
-8224 3475 -5495 -10082 8093 10672 10342 -1901 -882 -521 10410 11932 -9725 2893 5854 3470 6880 -7496 -18008 -18000 2552 -16026 8052 -23746 23431 27156 -53001 12277 -12117 22204 -741 -26265
10798 7746 5986 -7901 6642 5909 -3636 -8477 1702 11290 -11362 -5606 -5047 -8827 -7377 -3063 17067 13489 26222 19675 22513 -13147 3958 -3393 -28290 11443 -14639 -1358 -15878 -17189 45427 34100
-9536 -2989 -2929 4798 5003 6251 6098 -5735 10369 7471 2032 4819 11190 -2935 -6752 -4033 961 -6120 -3952 4275 -3689 -5390 -11452 -50921 22161 8390 22080 -11862 11517 8022 30478 -7834
11692 11526 -5731 1188 6217 10125 -3697 1768 -11836 8276 5460 9085 -9604 3303 1758 -6743 33088 25285 36574 15080 -16126 -6931 18100 -11534 -301 -8455 -47353 2828 -28143 8059 -9963 -11360
-11220 3366 -11456 -2603 6415 5317 -6925 -7408 3126 -5695 3271 -3041 -11109 -9393 -10832 -4937 -24514 -4354 6466 -23006 -21858 -2710 20686 -40470 -38610 18022 -19116 6411 7522 19510 18272 12997
2678 2878 -7683 6750 -2243 -8637 1456 -9829 3631 -718 -4503 -5801 5532 6186 3204 606 -14630 -15779 17325 6796 3046 10207 -4001 18460 8137 -12979 13142 -30554 7591 27455 7782 8474
-11435 -6251 362 919 -1022 -1972 1448 997 -8607 3624 -2181 -11785 5938 -7049 -10246 10792 -16954 -13736 -16699 -23925 -4340 9040 -11835 -13031 -19514 13132 19897 -36062 -10678 -40050 -381 4800
-794 -1168 -1392 5640 -3972 -2917 8227 -8045 -9129 -5752 -3158 7133 7589 10228 -2391 8634 -4421 -18390 -22892 24 8559 23212 -310 7866 13154 -28251 5689 -27013 -27332 14053 2329 -25661
-9176 9764 -5068 3130 10516 3766 10677 -10327 -823 2718 6753 903 -8489 -4835 -10406 -10373 13282 5506 3084 -18263 616 -10572 -11622 -55439 -24552 7022 -26386 -19203 -1378 39800 15068 3045
-8252 1200 11363 3239 3663 769 -3016 -4356 8303 173 6287 5096 -300 11656 -2964 -7948 4610 -6626 1745 -14997 2906 1298 -27617 -27335 20303 -28794 1594 34649 2349 17242 7766 11315
-10 11931 -3956 3367 -1673 11449 -9224 345 -10649 -2057 10401 -9400 7950 11704 -7898 8494 12229 -4218 22050 -37223 -41955 44142 944 3951 8545 -23423 -24870 -18732 -8937 -24311 14466 -7930
-6706 -8800 -970 -9686 -2838 -3649 11142 -11713 5526 -5759 9577 3014 -2014 -1811 10923 4074 -33220 -13831 -34374 -988 34476 3403 -5058 -4056 23530 19818 -25938 -321 24494 19486 -8038 -8823
3274 11989 -10446 -5128 -9804 4722 -1935 5633 -9994 8946 -8212 -8722 10004 -4767 4899 -1030 -1695 16971 19782 17698 -36127 -17037 -8080 34680 -8876 6118 -12883 -41174 2270 -29092 19529 -15844
11658 2977 4991 2967 5090 -1593 5740 -6525 -8863 11950 8838 -2664 11988 -10599 -4126 1850 25305 28804 8182 9836 29653 10260 3852 -22628 8374 -10910 -6529 -50680 7300 -29294 3355 7480
10413 11360 -1692 3027 3917 2866 11439 4016 10938 -5425 3191 2360 -11018 -8038 4719 -929 45346 15846 -10311 5491 2808 -5910 19477 10557 -4202 29302 -15173 3996 19862 40872 -807 13654
1546 11139 9260 1661 3406 -5266 1782 4849 -11099 -565 -9891 8377 -1075 -10815 11775 847 28377 2900 -26694 18524 3611 -49952 14514 21088 -12446 -24925 -13421 -13815 -8134 -10079 -14695 8723
-3362 2477 -10293 -9539 9969 10277 -2131 -6714 -6179 11746 -11070 10845 7611 -1895 -4218 -953 -9316 -5714 18990 15026 -2318 -34652 19072 -27984 5887 3188 -12287 -15743 -33599 -14444 45727 -28161
896 -9117 -9412 816 11553 3373 7350 9283 -380 6606 9083 -7821 -9568 -7103 -862 3575 14742 -1922 18260 -16122 6032 498 10762 -25082 -6470 58520 -2326 -10508 3016 -6620 -34012 -4640
-8622 9420 3627 -6772 -5186 2940 6549 -10972 8263 -9447 8544 6009 519 5474 -10426 11781 -9016 2514 -45747 -38651 1752 28554 -2221 -6161 20717 -3355 -19440 3739 -6917 24687 40768 5905
9535 4866 4015 11808 1797 1975 -7595 -10025 -3194 -3305 -1320 8 -2668 -1021 9692 -3578 16376 -15748 14156 33064 -872 9200 15668 4436 -5386 -33769 -19292 -2248 10406 9497 -9176 24416
7595 -9626 -3707 -6383 -7847 6990 -5887 -4174 4127 723 10245 -403 -6958 -3736 8674 -9955 -23039 16732 16687 33965 3347 17294 1997 -6223 2717 18614 -29671 30177 29459 -804 -13829 -3647
11114 9805 -9439 -8325 -568 7182 -5726 -1481 11404 -1998 -10173 8686 8423 -8679 2088 3671 2562 14385 2677 25519 -11800 -15543 48745 22367 13422 10856 1119 1074 10062 2532 54705 -2538
-6661 -5591 11313 -2016 -1696 7156 -4370 7729 5622 -7083 -7783 11373 3571 -2435 -2251 11885 5864 -16269 -48076 -959 -8692 -4725 17476 2093 12899 -653 23375 36562 -14581 -26611 15079 -1094
-8785 2234 4051 -5338 -11366 1603 5333 -3549 -9551 -10137 -2266 -6669 -11462 4149 6787 5539 -15817 -23495 -34393 -8811 -5717 10551 -24677 32079 -23610 2542 -38258 2917 -9374 3844 -12810 -1659
-1761 2776 4421 -8375 8069 2520 -3460 -1254 10517 -5388 1498 4495 -1012 -6802 -2648 5604 2936 -253 -16942 -18977 11602 -11115 27636 -8975 6264 10286 -4270 22480 10446 -2990 25580 16340
235 4699 -4266 11408 -11032 -2762 5738 10106 3546 -7450 -9634 -3719 -7867 -6026 8002 7600 14126 -11025 -29626 15537 -32776 -1713 5088 42269 -15548 22217 16888 -11784 3642 20617 -22266 14602
-6774 -6463 -9883 -9011 480 -6225 2833 4389 11933 -3350 1270 -574 7585 -4659 10484 8039 -30654 -12326 -14718 -12512 3966 -20610 16230 16432 30728 33723 15830 -5741 31816 405 -302 -10995
106 -11450 -886 696 8469 197 9505 7695 9399 -2622 -6027 -5780 -5760 -4242 9811 -718 14332 -29922 -410 8327 20056 -18480 322 6623 -5939 43459 19499 13227 20785 7641 -19789 -3691
-9918 8551 -342 -784 -3389 -8915 11789 -5600 -1471 1820 -10530 -9505 -9184 240 8691 10466 -8608 -29810 -23655 -9257 4888 -21690 -25853 34641 -9473 19327 -14836 -35412 -15515 20361 -2796 26576
-10431 5670 8037 1657 9499 -8642 -9899 8613 9055 7688 -1600 4295 6090 7207 -11625 2277 4504 6900 9253 -43227 -10092 -26710 -7393 -16683 23387 -21260 41612 16786 -19547 -8682 15128 25016
-1302 -6876 -491 7549 -5993 -2606 4004 10993 7115 7756 -9460 -11668 -2661 -6807 6695 -11858 5278 -1617 13667 31861 -12842 -21311 -35283 9831 -20888 29888 35243 572 24266 -1346 -20805 9990
-5021 -2332 -10942 8436 -7647 -4155 -10660 3949 -11912 7342 5459 -2420 -5259 5489 -7627 10276 -28372 6161 13909 -16244 -40168 25263 3959 -4676 1348 -546 3869 -21685 -40026 -12196 -33875 7815
9370 -3554 1942 -6930 -3559 470 1303 -5274 3144 326 -851 -7508 6687 -4263 7452 -10627 -6232 8401 16764 28356 24344 851 -11632 14108 -5640 873 -5890 72 38504 -9237 12350 -5880
-7263 9565 11538 -660 3345 -2486 -10652 6021 11184 6277 1871 -4906 7238 2460 3 9247 9408 -2804 -408 -33030 -15472 -14676 -9200 8078 33374 -9335 14830 9632 7218 -27153 18266 42640
4091 -7254 4922 1259 -9425 2864 -9553 -927 9807 -1117 -9554 -459 -10153 4272 11595 4862 -14023 -23907 -1951 35792 -5907 8641 545 33538 9253 11045 2335 40091 -5863 -75 -7109 28779
-4231 9507 -6244 -11903 777 9700 -4639 6416 -2728 -411 10060 1996 -3464 11571 -10109 -2150 -617 22436 18743 -43535 -28057 7886 -3885 -6819 4765 4026 -30837 23624 -17247 656 18551 -25362
-5832 -6375 -7093 1118 2013 6303 8124 -8639 9023 4602 -43 -255 1991 -7661 -4109 11057 -10381 -18971 -18711 4625 4805 11413 9011 -28447 14605 40984 7717 -22790 -881 3514 22615 6420
-5022 9919 -4148 10977 -8899 -3888 1566 3192 1119 9684 5470 -11505 4317 -2725 -922 4723 3697 11826 2402 -9474 -36703 8712 -25080 4444 10161 7497 9026 -44429 9807 -2465 -7250 26605
-9510 8635 -776 4280 -5907 -7803 -3991 -8842 -6382 9676 -11105 8433 3051 -5857 -10430 742 -23914 14488 -16006 11148 -16454 -23044 -5294 -17004 -11872 -28005 12810 -32665 -37860 2709 23598 20229
-8617 -11561 11505 5354 6487 -4660 -2248 -2051 4185 7371 -3891 -1637 -6766 -4858 5773 -2505 -5791 -25623 -4732 13936 20045 -23913 -18042 -24816 -2328 4874 15061 16314 930 -10478 -23987 33094
3794 7178 -4500 860 7308 4588 -4289 7205 11209 -2368 -7518 8215 3969 -8379 -1431 -2277 22144 8386 3206 7924 -17518 -27588 36576 -2778 1420 6937 20426 12852 11038 7965 27828 1206
9233 -9617 5291 -10068 8424 6688 1721 -2455 -2728 10775 1965 4446 11260 -1067 870 -8775 9217 13479 24682 23581 40121 -9671 -3392 -24153 16746 -1621 -3897 7469 5988 -33495 15291 -28305
1919 4711 -7257 -9239 909 454 1137 -10941 -5858 8999 -1195 -9863 7856 -1960 10207 -6432 -18307 -3263 32282 15928 11723 -17521 -14386 8896 1754 641 -32359 -36497 20266 -11281 18331 -7719
4911 -5873 -1382 -6786 7002 -2451 -3435 9202 9405 -5851 4774 8222 -11245 7456 5109 -6100 1188 7177 16213 -9924 13004 -12029 17247 6412 11770 12785 -983 55963 4316 24409 -22463 -10557
1024 4296 -7435 6988 -10978 7406 6557 -6040 1809 -1967 -7284 -7853 -2488 -3123 9498 -8992 1818 -14569 2679 41817 -23482 5009 -20831 15751 -20400 11288 -13647 -16720 23470 25290 7861 -2670
-10235 506 -11803 -10616 5966 -8480 560 2965 10939 5636 -4119 3250 -3275 3756 -9366 1285 -31137 7721 11831 -34687 113 -29629 2117 -8209 8106 29765 21472 5160 -19748 23389 20826 -1458
2229 -8110 -3168 10684 -10690 4222 -7220 3532 -3998 -7785 -10118 4935 3528 -4475 -11968 -8569 -8521 8200 -6699 32054 -29177 21338 10553 -9916 -38450 -19805 39720 12077 -6662 -3351 3512 -19025
-4791 -10420 -8103 -7211 -2528 -10943 -1005 9240 -11781 -11342 -2216 5454 -7033 -8993 -6023 10689 -35761 8183 -34689 -23435 2907 -5095 38267 11295 -31245 15653 12817 -2625 -22861 -10953 -33967 -21067
6982 -11149 -4770 -7415 4548 3122 3637 838 7268 6192 757 4869 -8565 -8239 -3531 -6954 -4207 21030 12701 20965 25001 -7586 12625 -24673 -8203 42010 2927 21508 61 6470 27 -6656
-3966 3886 -7010 -7154 -7214 -5675 2094 -5171 -6006 -9519 -10800 3675 -11428 3254 -3731 2833 -30210 -4095 -19037 -6282 -1982 -3547 6509 26916 -31722 -460 -13439 586 -32208 29512 7633 -7950
-3932 -6032 5463 -5129 8133 7269 -7767 -9174 8086 -10450 -5248 7811 -8230 -5842 8160 -2883 -11169 -33435 -14715 17911 14963 -17511 27725 -15225 -8596 -1190 -18596 46910 14132 7362 12484 12182
1354 4536 857 -5882 -3607 -7620 -3481 -2029 -937 -4121 11418 -9372 -1731 -1083 11090 2009 -15872 6413 2530 -16883 6118 4165 -1788 26149 7273 -3516 -30003 -6639 32407 -3572 -20349 16903
